1902 01 01 06   -94 -9999 10055   140   118     4 -9999 -9999
1902 01 01 13  -100 -9999 10031   140   118     4 -9999 -9999
1902 01 01 20  -117 -9999 10012   140   139     8 -9999 -9999
1902 01 02 06  -161 -9999 10012    90    98     8 -9999 -9999
1902 01 02 13  -172 -9999 10012    90   118     8 -9999 -9999
1902 01 02 20  -178 -9999 10042    90    98     8 -9999 -9999
1902 01 03 06  -178 -9999 10087     0     0     8 -9999 -9999
1902 01 03 13  -172 -9999 10090     0     0     8 -9999 -9999
1902 01 03 20  -150 -9999 10092   200    41     8 -9999 -9999
1902 01 04 06  -106 -9999  9914   160   201     8 -9999 -9999
1902 01 04 13   -94 -9999  9818   160   159     8 -9999 -9999
1902 01 04 20  -100 -9999  9799   160   139     8 -9999 -9999
1902 01 05 06   -72 -9999  9751   110    62     8 -9999 -9999
1902 01 05 13   -61 -9999  9772    90    41     8 -9999 -9999
1902 01 05 20   -94 -9999  9852   360   139     8 -9999 -9999
1902 01 06 06  -117 -9999  9892   250    21     1 -9999 -9999
1902 01 06 13  -128 -9999  9907   180    21     3 -9999 -9999
1902 01 06 20  -128 -9999  9983   180    21     0 -9999 -9999
1902 01 07 06  -144 -9999  9968   200   278     8 -9999 -9999
1902 01 07 13   -44 -9999  9862   230   278     8 -9999 -9999
1902 01 07 20   -11 -9999  9835   250   278     2 -9999 -9999
1902 01 08 06   -33 -9999  9914   250   159     0 -9999 -9999
1902 01 08 13   -17 -9999  9892   250   139     8 -9999 -9999
1902 01 08 20   -17 -9999  9890   270   159     0 -9999 -9999
1902 01 09 06   -61 -9999  9946   270   159     0 -9999 -9999
1902 01 09 13   -72 -9999  9970   270   118     1 -9999 -9999
1902 01 09 20   -89 -9999  9972     0     0     0 -9999 -9999
1902 01 10 06   -78 -9999  9823    90   118     8 -9999 -9999
1902 01 10 13   -67 -9999  9776    90   118     8 -9999 -9999
1902 01 10 20   -67 -9999  9774    70    98     8 -9999 -9999
1902 01 11 06   -89 -9999  9839    20   118     3 -9999 -9999
1902 01 11 13  -117 -9999  9906    50    98     0 -9999 -9999
1902 01 11 20  -122 -9999  9986     0     0     0 -9999 -9999
1902 01 12 06  -100 -9999 10024   230    98     8 -9999 -9999
1902 01 12 13  -117 -9999 10016   230    98     3 -9999 -9999
1902 01 12 20  -117 -9999  9991   230    98     2 -9999 -9999
1902 01 13 06   -78 -9999  9934   180    98     8 -9999 -9999
1902 01 13 13   -78 -9999  9932   140    98     8 -9999 -9999
1902 01 13 20   -89 -9999  9982     0     0     8 -9999 -9999
1902 01 14 06  -122 -9999 10082   360   118     4 -9999 -9999
1902 01 14 13  -139 -9999 10119   340    98     0 -9999 -9999
1902 01 14 20  -139 -9999 10163   320    98     0 -9999 -9999
1902 01 15 06  -144 -9999 10166   230   118     0 -9999 -9999
1902 01 15 13  -139 -9999 10080   200   159     8 -9999 -9999
1902 01 15 20   -78 -9999  9823   230   278     8 -9999 -9999
1902 01 16 06   -17 -9999  9658   250    62     0 -9999 -9999
1902 01 16 13   -11 -9999  9760   320   139     8 -9999 -9999
1902 01 16 20   -44 -9999  9855   320   118     0 -9999 -9999
1902 01 17 06   -44 -9999  9983   320    98     0 -9999 -9999
1902 01 17 13   -61 -9999  9992   320    98     0 -9999 -9999
1902 01 17 20   -83 -9999 10035   320    82     0 -9999 -9999
1902 01 18 06  -128 -9999 10096   340   139     0 -9999 -9999
1902 01 18 13  -128 -9999 10139   340   118     0 -9999 -9999
1902 01 18 20  -150 -9999 10186   340    82     0 -9999 -9999
1902 01 19 06  -183 -9999 10174   230    98     2 -9999 -9999
1902 01 19 13  -128 -9999 10151   200   118     4 -9999 -9999
1902 01 19 20  -106 -9999 10034   180   159     6 -9999 -9999
1902 01 20 06  -100 -9999  9884   140   139     8 -9999 -9999
1902 01 20 13   -94 -9999  9783   140   118     8 -9999 -9999
1902 01 20 20  -100 -9999  9748   140    62     8 -9999 -9999
1902 01 21 06  -122 -9999  9874    20   118     8 -9999 -9999
1902 01 21 13  -150 -9999  9947   360   118     4 -9999 -9999
1902 01 21 20  -139 -9999 10034   340   139     3 -9999 -9999
1902 01 22 06  -178 -9999 10142     0     0     0 -9999 -9999
1902 01 22 13  -150 -9999 10124   200    21     0 -9999 -9999
1902 01 22 20  -122 -9999 10036   200   159     8 -9999 -9999
1902 01 23 06   -39 -9999 10022   250    82     0 -9999 -9999
1902 01 23 13   -44 -9999 10023   250    98     3 -9999 -9999
1902 01 23 20   -22 -9999  9968     0     0     4 -9999 -9999
1902 01 24 06   -28 -9999  9959     0     0     8 -9999 -9999
1902 01 24 13   -33 -9999  9948     0     0     8 -9999 -9999
1902 01 24 20   -22 -9999  9932     0     0     8 -9999 -9999
1902 01 25 06    11 -9999  9880   200    62     8 -9999 -9999
1902 01 25 13     6 -9999  9874   200    82     8 -9999 -9999
1902 01 25 20    11 -9999  9839   200   118     8 -9999 -9999
1902 01 26 06     6 -9999  9832   140    41     8 -9999 -9999
1902 01 26 13    11 -9999  9827   160    62     8 -9999 -9999
1902 01 26 20     6 -9999  9812   160    98     8 -9999 -9999
1902 01 27 06    -6 -9999  9834   200    98     8 -9999 -9999
1902 01 27 13   -11 -9999  9839   200   139     8 -9999 -9999
1902 01 27 20   -22 -9999  9880   230    41     8 -9999 -9999
1902 01 28 06   -17 -9999  9855   180   118     8 -9999 -9999
1902 01 28 13   -39 -9999  9867   250    98     2 -9999 -9999
1902 01 28 20   -67 -9999  9919   270   139     0 -9999 -9999
1902 01 29 06   -72 -9999  9999   250    98     0 -9999 -9999
1902 01 29 13   -83 -9999 10070   250    62     0 -9999 -9999
1902 01 29 20  -128 -9999 10146   270    41     0 -9999 -9999
1902 01 30 06  -128 -9999 10255     0     0     1 -9999 -9999
1902 01 30 13  -128 -9999 10280     0     0     0 -9999 -9999
1902 01 30 20  -106 -9999 10315     0     0     0 -9999 -9999
1902 01 31 06  -178 -9999 10384     0     0     0 -9999 -9999
1902 01 31 13  -128 -9999 10407     0     0     0 -9999 -9999
1902 01 31 20  -144 -9999 10400     0     0     0 -9999 -9999
1902 02 01 06    -6 -9999 10312   270    98     6 -9999 -9999
1902 02 01 13    11 -9999 10306   270    98     8 -9999 -9999
1902 02 01 20    22 -9999 10270   270   139     0 -9999 -9999
1902 02 02 06    17 -9999 10223   270    98     0 -9999 -9999
1902 02 02 13     6 -9999 10222     0     0     4 -9999 -9999
1902 02 02 20     6 -9999 10194     0     0     8 -9999 -9999
1902 02 03 06   -67 -9999 10147   340    82     0 -9999 -9999
1902 02 03 13   -78 -9999 10146   320    41     0 -9999 -9999
1902 02 03 20   -89 -9999 10118   320    98     0 -9999 -9999
1902 02 04 06  -139 -9999 10076   360    98     0 -9999 -9999
1902 02 04 13  -144 -9999 10092   360   118     0 -9999 -9999
1902 02 04 20  -161 -9999 10092   360   139     0 -9999 -9999
1902 02 05 06  -178 -9999 10082    90    41     0 -9999 -9999
1902 02 05 13  -161 -9999 10094   270    62     0 -9999 -9999
1902 02 05 20  -178 -9999 10092   180    82     0 -9999 -9999
1902 02 06 06  -161 -9999 10099   200    62     6 -9999 -9999
1902 02 06 13  -111 -9999 10092   140    62     6 -9999 -9999
1902 02 06 20   -94 -9999 10066   140    62     8 -9999 -9999
1902 02 07 06  -111 -9999  9972   140    82     8 -9999 -9999
1902 02 07 13  -111 -9999  9938   140    98     8 -9999 -9999
1902 02 07 20  -128 -9999  9919   140    82     8 -9999 -9999
1902 02 08 06  -167 -9999  9892   320    62     8 -9999 -9999
1902 02 08 13  -156 -9999  9891   320    82     8 -9999 -9999
1902 02 08 20  -172 -9999  9911   290    62     8 -9999 -9999
1902 02 09 06  -167 -9999  9938   360    21     8 -9999 -9999
1902 02 09 13  -161 -9999  9930   360    82     8 -9999 -9999
1902 02 09 20  -194 -9999  9920   360    98     8 -9999 -9999
1902 02 10 06  -211 -9999  9948   270    62     4 -9999 -9999
1902 02 10 13  -189 -9999  9962   270    41     5 -9999 -9999
1902 02 10 20  -183 -9999  9994   270    41     8 -9999 -9999
1902 02 11 06  -261 -9999 10022     0     0     0 -9999 -9999
1902 02 11 13  -228 -9999 10023     0     0     0 -9999 -9999
1902 02 11 20  -217 -9999 10028     0     0     0 -9999 -9999
1902 02 12 06  -156 -9999  9979   140    62     8 -9999 -9999
1902 02 12 13  -117 -9999  9948   110    41     4 -9999 -9999
1902 02 12 20   -83 -9999  9942   110    98     8 -9999 -9999
1902 02 13 06  -111 -9999  9962   250    62     0 -9999 -9999
1902 02 13 13  -139 -9999  9967   230    82     0 -9999 -9999
1902 02 13 20  -178 -9999  9974     0     0     0 -9999 -9999
1902 02 14 06  -161 -9999  9994   230    82     0 -9999 -9999
1902 02 14 13  -117 -9999 10010   230    98     0 -9999 -9999
1902 02 14 20  -100 -9999 10020   250    98     0 -9999 -9999
1902 02 15 06  -150 -9999 10068   230    62     0 -9999 -9999
1902 02 15 13  -128 -9999 10086   230    62     0 -9999 -9999
1902 02 15 20  -133 -9999 10067     0     0     0 -9999 -9999
1902 02 16 06   -56 -9999 10002   230   118     8 -9999 -9999
1902 02 16 13     0 -9999  9966   230   159     8 -9999 -9999
1902 02 16 20   -17 -9999  9908   230   118     8 -9999 -9999
1902 02 17 06   -33 -9999  9982   340   118     0 -9999 -9999
1902 02 17 13   -89 -9999 10186   340    98     0 -9999 -9999
1902 02 17 20  -122 -9999 10280     0     0     0 -9999 -9999
1902 02 18 06  -111 -9999 10322   230    41     8 -9999 -9999
1902 02 18 13   -83 -9999 10310   230    41     8 -9999 -9999
1902 02 18 20   -50 -9999 10303     0     0     8 -9999 -9999
1902 02 19 06   -56 -9999 10312     0     0     8 -9999 -9999
1902 02 19 13   -50 -9999 10332     0     0     8 -9999 -9999
1902 02 19 20   -67 -9999 10328   230   118     8 -9999 -9999
1902 02 20 06   -61 -9999 10244   230   139     8 -9999 -9999
1902 02 20 13   -33 -9999 10212   230   159     8 -9999 -9999
1902 02 20 20   -50 -9999 10191   250   118     4 -9999 -9999
1902 02 21 06   -28 -9999 10146   230    98     0 -9999 -9999
1902 02 21 13    -6 -9999 10140   230    98     0 -9999 -9999
1902 02 21 20   -28 -9999 10107   230    98     8 -9999 -9999
1902 02 22 06   -39 -9999 10055   230    98     8 -9999 -9999
1902 02 22 13   -11 -9999 10074   230    98     4 -9999 -9999
1902 02 22 20   -28 -9999 10100   360    41     5 -9999 -9999
1902 02 23 06   -67 -9999 10206     0     0     8 -9999 -9999
1902 02 23 13   -56 -9999 10219     0     0     8 -9999 -9999
1902 02 23 20   -67 -9999 10204   140    41     8 -9999 -9999
1902 02 24 06   -28 -9999 10175   230    98     8 -9999 -9999
1902 02 24 13   -22 -9999 10154   230   118     8 -9999 -9999
1902 02 24 20   -28 -9999 10134   230   118     8 -9999 -9999
1902 02 25 06   -50 -9999 10152   230    62     8 -9999 -9999
1902 02 25 13   -28 -9999 10154   230    82     8 -9999 -9999
1902 02 25 20   -28 -9999 10156   230    98     8 -9999 -9999
1902 02 26 06   -17 -9999 10202   230    41     8 -9999 -9999
1902 02 26 13    -6 -9999 10216     0     0     8 -9999 -9999
1902 02 26 20   -17 -9999 10222     0     0     8 -9999 -9999
1902 02 27 06   -78 -9999 10212     0     0     8 -9999 -9999
1902 02 27 13   -44 -9999 10194   140    41     8 -9999 -9999
1902 02 27 20   -50 -9999 10172     0     0     8 -9999 -9999
1902 02 28 06   -44 -9999 10128   160    62     8 -9999 -9999
1902 02 28 13   -22 -9999 10126   180    41     8 -9999 -9999
1902 02 28 20   -28 -9999 10126     0     0     8 -9999 -9999
1902 03 01 06   -50 -9999 10127     0     0     8 -9999 -9999
1902 03 01 13   -94 -9999 10127     0     0     4 -9999 -9999
1902 03 01 20   -67 -9999 10146     0     0     8 -9999 -9999
1902 03 02 06  -117 -9999 10167   360    41     8 -9999 -9999
1902 03 02 13   -67 -9999 10182   360    21     8 -9999 -9999
1902 03 02 20   -83 -9999 10196     0     0     8 -9999 -9999
1902 03 03 06   -61 -9999 10228   360    21     6 -9999 -9999
1902 03 03 13   -56 -9999 10224   360    41     8 -9999 -9999
1902 03 03 20   -94 -9999 10226   340    41     8 -9999 -9999
1902 03 04 06  -128 -9999 10259     0     0     8 -9999 -9999
1902 03 04 13   -72 -9999 10262     0     0     2 -9999 -9999
1902 03 04 20  -144 -9999 10270     0     0     0 -9999 -9999
1902 03 05 06   -94 -9999 10218   180    62     8 -9999 -9999
1902 03 05 13   -67 -9999 10199   180    62     8 -9999 -9999
1902 03 05 20   -67 -9999 10122   200   118     8 -9999 -9999
1902 03 06 06   -44 -9999 10022   160    41     8 -9999 -9999
1902 03 06 13   -33 -9999 10007    70    41     8 -9999 -9999
1902 03 06 20   -44 -9999 10006    70    21     8 -9999 -9999
1902 03 07 06   -83 -9999 10015    90   118     8 -9999 -9999
1902 03 07 13   -72 -9999 10032    90   118     8 -9999 -9999
1902 03 07 20  -100 -9999 10066    50   139     8 -9999 -9999
1902 03 08 06  -211 -9999 10095    50    82     8 -9999 -9999
1902 03 08 13  -150 -9999 10082    50    62     0 -9999 -9999
1902 03 08 20  -189 -9999 10076     0     0     0 -9999 -9999
1902 03 09 06  -222 -9999 10048    90    41     0 -9999 -9999
1902 03 09 13  -178 -9999 10039   360    62     0 -9999 -9999
1902 03 09 20  -228 -9999 10018     0     0     0 -9999 -9999
1902 03 10 06  -206 -9999  9972     0     0     6 -9999 -9999
1902 03 10 13  -128 -9999  9999     0     0     4 -9999 -9999
1902 03 10 20  -144 -9999 10020     0     0     1 -9999 -9999
1902 03 11 06  -183 -9999 10131    20    21     0 -9999 -9999
1902 03 11 13  -161 -9999 10132   360    21     0 -9999 -9999
1902 03 11 20  -194 -9999 10163     0     0     0 -9999 -9999
1902 03 12 06  -217 -9999 10187     0     0     0 -9999 -9999
1902 03 12 13  -122 -9999 10154   230    98     4 -9999 -9999
1902 03 12 20  -100 -9999 10115   230   139     4 -9999 -9999
1902 03 13 06  -144 -9999 10175    70    41     4 -9999 -9999
1902 03 13 13   -83 -9999 10152   230    98     4 -9999 -9999
1902 03 13 20   -89 -9999 10124   230   118     0 -9999 -9999
1902 03 14 06   -83 -9999 10048   230    98     4 -9999 -9999
1902 03 14 13   -11 -9999 10026   230   118     5 -9999 -9999
1902 03 14 20   -22 -9999  9992   230   139     0 -9999 -9999
1902 03 15 06   -44 -9999  9966   230    62     2 -9999 -9999
1902 03 15 13    -6 -9999  9959   230    82     1 -9999 -9999
1902 03 15 20   -33 -9999  9958   230    82     0 -9999 -9999
1902 03 16 06   -67 -9999  9962   230    21     3 -9999 -9999
1902 03 16 13   -17 -9999  9960   230    21     4 -9999 -9999
1902 03 16 20   -39 -9999  9967   230    62     4 -9999 -9999
1902 03 17 06   -94 -9999  9966   270    82     0 -9999 -9999
1902 03 17 13   -22 -9999  9980   320    82     6 -9999 -9999
1902 03 17 20   -33 -9999 -9999   360   139     8 -9999 -9999
1902 03 18 06  -150 -9999 10090    50    82     0 -9999 -9999
1902 03 18 13  -117 -9999 10107   360    82     0 -9999 -9999
1902 03 18 20  -161 -9999 10100     0     0     0 -9999 -9999
1902 03 19 06  -117 -9999  9987    90   118     8 -9999 -9999
1902 03 19 13  -106 -9999  9927    90   139     8 -9999 -9999
1902 03 19 20  -133 -9999  9906    90   118     8 -9999 -9999
1902 03 20 06  -183 -9999 10002    20    98     0 -9999 -9999
1902 03 20 13  -178 -9999 10010    20   139     0 -9999 -9999
1902 03 20 20  -194 -9999 -9999    50   159     0 -9999 -9999
1902 03 21 06  -233 -9999 10006    50   139     4 -9999 -9999
1902 03 21 13  -194 -9999 10012    50   118     4 -9999 -9999
1902 03 21 20  -172 -9999 10032    90    82     8 -9999 -9999
1902 03 22 06  -178 -9999 10050    90    82     4 -9999 -9999
1902 03 22 13  -133 -9999 10067    90    62     4 -9999 -9999
1902 03 22 20  -122 -9999 10052    90    41     8 -9999 -9999
1902 03 23 06  -100 -9999 10102    90    21     8 -9999 -9999
1902 03 23 13   -61 -9999 10106     0     0     8 -9999 -9999
1902 03 23 20  -100 -9999 10130     0     0     8 -9999 -9999
1902 03 24 06  -100 -9999 10148    50   118     8 -9999 -9999
1902 03 24 13   -61 -9999 10127    50   139     8 -9999 -9999
1902 03 24 20   -22 -9999 10107    90    41     8 -9999 -9999
1902 03 25 06    17 -9999 10066     0     0     8 -9999 -9999
1902 03 25 13    28 -9999 10026     0     0     8 -9999 -9999
1902 03 25 20    17 -9999 10020     0     0     8 -9999 -9999
1902 03 26 06    11 -9999  9991     0     0     8 -9999 -9999
1902 03 26 13     6 -9999  9995     0     0     8 -9999 -9999
1902 03 26 20   -11 -9999 10012     0     0     8 -9999 -9999
1902 03 27 06   -61 -9999 10034   360   118     6 -9999 -9999
1902 03 27 13   -33 -9999 10032   360   139     8 -9999 -9999
1902 03 27 20   -39 -9999 10052     0     0     8 -9999 -9999
1902 03 28 06   -72 -9999 10091   360   139     4 -9999 -9999
1902 03 28 13   -50 -9999 10111   360   118     8 -9999 -9999
1902 03 28 20   -44 -9999 10094     0     0     8 -9999 -9999
1902 03 29 06   -44 -9999 10063    90    21     8 -9999 -9999
1902 03 29 13   -11 -9999 10012    50    21     8 -9999 -9999
1902 03 29 20   -28 -9999  9982     0     0     8 -9999 -9999
1902 03 30 06   -44 -9999 10014   250    21     8 -9999 -9999
1902 03 30 13   -44 -9999 10052   230    62     1 -9999 -9999
1902 03 30 20  -117 -9999 10067     0     0     0 -9999 -9999
1902 03 31 06   -83 -9999 10079   230    21     6 -9999 -9999
1902 03 31 13   -50 -9999 10092     0     0     0 -9999 -9999
1902 03 31 20  -117 -9999 10092     0     0     3 -9999 -9999
1902 04 01 06  -150 -9999 10092   360    21     0 -9999 -9999
1902 04 01 13   -78 -9999 10084    20    41     0 -9999 -9999
1902 04 01 20  -111 -9999 10047    50    98     2 -9999 -9999
1902 04 02 06   -56 -9999 10003    50    82     6 -9999 -9999
1902 04 02 13   -44 -9999  9999    50    98     8 -9999 -9999
1902 04 02 20   -50 -9999 -9999   360    82     8 -9999 -9999
1902 04 03 06   -78 -9999 10020   340    98     3 -9999 -9999
1902 04 03 13   -72 -9999 10059   320    21     0 -9999 -9999
1902 04 03 20  -139 -9999 10071     0     0     0 -9999 -9999
1902 04 04 06   -50 -9999 10083   200    21     6 -9999 -9999
1902 04 04 13     0 -9999 10099   270    10     4 -9999 -9999
1902 04 04 20   -72 -9999 10114    20    21     8 -9999 -9999
1902 04 05 06  -150 -9999 10095    50    21     0 -9999 -9999
1902 04 05 13   -78 -9999 10104   360    21     0 -9999 -9999
1902 04 05 20  -133 -9999 10080   230    21     0 -9999 -9999
1902 04 06 06  -122 -9999 10027   270    62     0 -9999 -9999
1902 04 06 13   -28 -9999 10034   320    21     0 -9999 -9999
1902 04 06 20  -106 -9999 10052   320    41     0 -9999 -9999
1902 04 07 06  -111 -9999 10108   320    98     0 -9999 -9999
1902 04 07 13   -61 -9999 10128   320    98     0 -9999 -9999
1902 04 07 20  -117 -9999 10147   320   139     0 -9999 -9999
1902 04 08 06  -172 -9999 10176     0     0     0 -9999 -9999
1902 04 08 13   -83 -9999 10188     0     0     0 -9999 -9999
1902 04 08 20  -144 -9999 10162     0     0     0 -9999 -9999
1902 04 09 06  -161 -9999 10180   360    41     0 -9999 -9999
1902 04 09 13   -61 -9999 10212   360    82     3 -9999 -9999
1902 04 09 20   -83 -9999 10246   360    41     4 -9999 -9999
1902 04 10 06  -156 -9999 10279   230    82     0 -9999 -9999
1902 04 10 13   -39 -9999 10300   230    98     0 -9999 -9999
1902 04 10 20  -100 -9999 10295   230    98     0 -9999 -9999
1902 04 11 06  -100 -9999 10299   230    98     0 -9999 -9999
1902 04 11 13   -11 -9999 10290   230    98     7 -9999 -9999
1902 04 11 20   -39 -9999 10276   250   118     1 -9999 -9999
1902 04 12 06   -67 -9999 10298   250    21     8 -9999 -9999
1902 04 12 13    17 -9999 10294   250    21     4 -9999 -9999
1902 04 12 20   -33 -9999 10282   250    21     2 -9999 -9999
1902 04 13 06   -11 -9999 10299    90    21     8 -9999 -9999
1902 04 13 13    28 -9999 10306   360    21     8 -9999 -9999
1902 04 13 20     0 -9999 10292     0     0     4 -9999 -9999
1902 04 14 06    11 -9999 10320   140    21     8 -9999 -9999
1902 04 14 13    28 -9999 10319   230    62     4 -9999 -9999
1902 04 14 20   -28 -9999 10306   230    21     0 -9999 -9999
1902 04 15 06   -44 -9999 10295   230    98     0 -9999 -9999
1902 04 15 13    22 -9999 10280   230   139     0 -9999 -9999
1902 04 15 20   -17 -9999 10268   230   159     1 -9999 -9999
1902 04 16 06   -33 -9999 10242   230   139     2 -9999 -9999
1902 04 16 13    17 -9999 10226   230   201     2 -9999 -9999
1902 04 16 20     6 -9999 10199   230   201     2 -9999 -9999
1902 04 17 06     6 -9999 10186   230   201     3 -9999 -9999
1902 04 17 13    22 -9999 10191   230   201     0 -9999 -9999
1902 04 17 20   -11 -9999 10198   230    98     0 -9999 -9999
1902 04 18 06   -17 -9999 10186   230    98     0 -9999 -9999
1902 04 18 13    39 -9999 10184   200    62     0 -9999 -9999
1902 04 18 20    -6 -9999 10147     0     0     0 -9999 -9999
1902 04 19 06     6 -9999 10148   180    21     3 -9999 -9999
1902 04 19 13    39 -9999 10164   270    21     4 -9999 -9999
1902 04 19 20    -6 -9999 10180   230    21     4 -9999 -9999
1902 04 20 06    17 -9999 10252   360    21     4 -9999 -9999
1902 04 20 13    11 -9999 10287   360    82     0 -9999 -9999
1902 04 20 20    -6 -9999 10308   360    41     0 -9999 -9999
1902 04 21 06   -22 -9999 10346   360    82     4 -9999 -9999
1902 04 21 13   -28 -9999 10348   360    98     0 -9999 -9999
1902 04 21 20   -56 -9999 10335   360    82     0 -9999 -9999
1902 04 22 06   -22 -9999 10311     0     0     0 -9999 -9999
1902 04 22 13    22 -9999 10311     0     0     0 -9999 -9999
1902 04 22 20   -67 -9999 10296     0     0     0 -9999 -9999
1902 04 23 06   -22 -9999 10267   230    21     3 -9999 -9999
1902 04 23 13    17 -9999 10252   230    82     5 -9999 -9999
1902 04 23 20   -11 -9999 10220   230    98     6 -9999 -9999
1902 04 24 06   -11 -9999 10247    20    21     5 -9999 -9999
1902 04 24 13    17 -9999 10243   360    82     2 -9999 -9999
1902 04 24 20   -33 -9999 10267     0     0     0 -9999 -9999
1902 04 25 06   -33 -9999 10286    50    41     2 -9999 -9999
1902 04 25 13     0 -9999 10272   360    62     2 -9999 -9999
1902 04 25 20   -44 -9999 10239     0     0     0 -9999 -9999
1902 04 26 06   -17 -9999 10228     0     0     8 -9999 -9999
1902 04 26 13   -11 -9999 10259    20    98     0 -9999 -9999
1902 04 26 20   -67 -9999 10260   360    62     2 -9999 -9999
1902 04 27 06  -100 -9999 10287    50    21     0 -9999 -9999
1902 04 27 13   -56 -9999 10284   360    62     0 -9999 -9999
1902 04 27 20  -100 -9999 10260   360    41     0 -9999 -9999
1902 04 28 06   -94 -9999 10240     0     0     0 -9999 -9999
1902 04 28 13   -22 -9999 10222     0     0     0 -9999 -9999
1902 04 28 20   -72 -9999 10212    50    41     0 -9999 -9999
1902 04 29 06   -56 -9999 10187     0     0     3 -9999 -9999
1902 04 29 13    -6 -9999 10172    50    62     0 -9999 -9999
1902 04 29 20   -61 -9999 10147    50    21     0 -9999 -9999
1902 04 30 06   -72 -9999 10114     0     0     0 -9999 -9999
1902 04 30 13   -17 -9999 10094     0     0     0 -9999 -9999
1902 04 30 20   -56 -9999 10076     0     0     0 -9999 -9999
1902 05 01 06   -78 -9999 10038   360    62     0 -9999 -9999
1902 05 01 13   -22 -9999 10026   340    82     3 -9999 -9999
1902 05 01 20   -39 -9999 10014     0     0     6 -9999 -9999
1902 05 02 06   -17 -9999 10034    90    21     5 -9999 -9999
1902 05 02 13    28 -9999 10052    50    21     3 -9999 -9999
1902 05 02 20   -28 -9999 10067    20    82     5 -9999 -9999
1902 05 03 06     6 -9999 10075    50    41     6 -9999 -9999
1902 05 03 13    22 -9999 10087    50    82     3 -9999 -9999
1902 05 03 20     6 -9999 10102    50    62     8 -9999 -9999
1902 05 04 06    11 -9999 10120   360    62     8 -9999 -9999
1902 05 04 13    17 -9999 10131   360    82     2 -9999 -9999
1902 05 04 20     0 -9999 10124   360    82     0 -9999 -9999
1902 05 05 06   -11 -9999 10126    20    82     4 -9999 -9999
1902 05 05 13    11 -9999 10138    20    62     3 -9999 -9999
1902 05 05 20     6 -9999 10140    20    62     5 -9999 -9999
1902 05 06 06    -6 -9999 10166    20    62     8 -9999 -9999
1902 05 06 13   -11 -9999 10194    20   118     0 -9999 -9999
1902 05 06 20   -44 -9999 10206    20    82     0 -9999 -9999
1902 05 07 06   -22 -9999 10206    20   118     8 -9999 -9999
1902 05 07 13     6 -9999 10195    20   159     8 -9999 -9999
1902 05 07 20     0 -9999 10178    20   201     8 -9999 -9999
1902 05 08 06   -17 -9999 10162    50   278     8 -9999 -9999
1902 05 08 13    11 -9999 10174    50   201     6 -9999 -9999
1902 05 08 20   -11 -9999 10200    50   139     5 -9999 -9999
1902 05 09 06   -28 -9999 10242    50   159     1 -9999 -9999
1902 05 09 13    -6 -9999 10243    20   118     2 -9999 -9999
1902 05 09 20    -6 -9999 10240   360    62     6 -9999 -9999
1902 05 10 06     0 -9999 10224    50    62     4 -9999 -9999
1902 05 10 13     6 -9999 10199   360    82     2 -9999 -9999
1902 05 10 20    -6 -9999 10175    50    41     1 -9999 -9999
1902 05 11 06     0 -9999 10147     0     0     0 -9999 -9999
1902 05 11 13    17 -9999 10119    20    62     0 -9999 -9999
1902 05 11 20     0 -9999 10114     0     0     3 -9999 -9999
1902 05 12 06     0 -9999 10106    90    21     4 -9999 -9999
1902 05 12 13    17 -9999 10104    20    62     2 -9999 -9999
1902 05 12 20   -17 -9999 10106    70    41     2 -9999 -9999
1902 05 13 06    -6 -9999 10123     0     0     0 -9999 -9999
1902 05 13 13    11 -9999 10128   360    82     0 -9999 -9999
1902 05 13 20    -6 -9999 10128   360    62     0 -9999 -9999
1902 05 14 06     0 -9999 10150     0     0     3 -9999 -9999
1902 05 14 13    33 -9999 10155    50    21     6 -9999 -9999
1902 05 14 20     0 -9999 10155    90    21     3 -9999 -9999
1902 05 15 06     6 -9999 10148    90    62     6 -9999 -9999
1902 05 15 13    39 -9999 10138   140    98     8 -9999 -9999
1902 05 15 20    39 -9999 10138     0     0     8 -9999 -9999
1902 05 16 06    28 -9999 10078    90    41     8 -9999 -9999
1902 05 16 13    67 -9999 10063   140    82     8 -9999 -9999
1902 05 16 20    17 -9999 10104   230    62     8 -9999 -9999
1902 05 17 06    11 -9999 10075    20    41     8 -9999 -9999
1902 05 17 13    72 -9999 10032   140    98     6 -9999 -9999
1902 05 17 20    28 -9999 10064     0     0     8 -9999 -9999
1902 05 18 06    50 -9999 10090    90    62     3 -9999 -9999
1902 05 18 13    72 -9999 10086    90    41     5 -9999 -9999
1902 05 18 20    44 -9999 10092    90    82     3 -9999 -9999
1902 05 19 06    44 -9999 10111    90    62     0 -9999 -9999
1902 05 19 13    33 -9999 10099    50    82     0 -9999 -9999
1902 05 19 20    28 -9999 10100    50    41     0 -9999 -9999
1902 05 20 06    17 -9999 10106    50    62     0 -9999 -9999
1902 05 20 13    33 -9999 10099   340    21     0 -9999 -9999
1902 05 20 20    11 -9999 10102     0     0     0 -9999 -9999
1902 05 21 06    22 -9999 10087   230    62     0 -9999 -9999
1902 05 21 13    44 -9999 10107   230    62     0 -9999 -9999
1902 05 21 20    22 -9999 10111   360    82     3 -9999 -9999
1902 05 22 06     6 -9999 10208     0     0     0 -9999 -9999
1902 05 22 13    33 -9999 10242   320    62     0 -9999 -9999
1902 05 22 20     6 -9999 10247     0     0     0 -9999 -9999
1902 05 23 06    -6 -9999 10260     0     0     0 -9999 -9999
1902 05 23 13    33 -9999 10227   360    41     0 -9999 -9999
1902 05 23 20     6 -9999 10168     0     0     0 -9999 -9999
1902 05 24 06    22 -9999 10074   230    62     6 -9999 -9999
1902 05 24 13    33 -9999 10035   230    98     8 -9999 -9999
1902 05 24 20    22 -9999 10036     0     0     8 -9999 -9999
1902 05 25 06    17 -9999 10134     0     0     0 -9999 -9999
1902 05 25 13    33 -9999 10124     0     0     3 -9999 -9999
1902 05 25 20    50 -9999 10080     0     0     8 -9999 -9999
1902 05 26 06    22 -9999  9958   230    98     8 -9999 -9999
1902 05 26 13    28 -9999  9962   230    98     8 -9999 -9999
1902 05 26 20    17 -9999  9924   230    98     8 -9999 -9999
1902 05 27 06    22 -9999  9947   250   118     2 -9999 -9999
1902 05 27 13    33 -9999  9979   230   139     2 -9999 -9999
1902 05 27 20    22 -9999  9983   230    62     5 -9999 -9999
1902 05 28 06    44 -9999  9991     0     0     2 -9999 -9999
1902 05 28 13    44 -9999  9990     0     0     4 -9999 -9999
1902 05 28 20    44 -9999  9991     0     0     8 -9999 -9999
1902 05 29 06    61 -9999 -9999   180   118     8 -9999 -9999
1902 05 29 13    61 -9999 10012   230   159     3 -9999 -9999
1902 05 29 20    50 -9999 10042   200    98     2 -9999 -9999
1902 05 30 06    22 -9999 10115   230    62     1 -9999 -9999
1902 05 30 13    61 -9999 10191   250    41     0 -9999 -9999
1902 05 30 20    44 -9999 10234   270    62     0 -9999 -9999
1902 05 31 06    28 -9999 10267   270    41     5 -9999 -9999
1902 05 31 13    39 -9999 10246     0     0     8 -9999 -9999
1902 05 31 20    28 -9999 10211     0     0     8 -9999 -9999
1902 06 01 06    22 -9999 10220   340    82     0 -9999 -9999
1902 06 01 13    39 -9999 10232   320    62     0 -9999 -9999
1902 06 01 20    17 -9999 10239   320    62     4 -9999 -9999
1902 06 02 06    39 -9999 10270     0     0     0 -9999 -9999
1902 06 02 13    44 -9999 10255   230    82     4 -9999 -9999
1902 06 02 20    28 -9999 10211   230   139     7 -9999 -9999
1902 06 03 06    39 -9999 10174   290    98     0 -9999 -9999
1902 06 03 13    61 -9999 10191   270    82     4 -9999 -9999
1902 06 03 20    33 -9999 10246     0     0     2 -9999 -9999
1902 06 04 06    44 -9999 10250     0     0     6 -9999 -9999
1902 06 04 13    44 -9999 10194   200    98     8 -9999 -9999
1902 06 04 20    39 -9999 10082   230    98     8 -9999 -9999
1902 06 05 06    33 -9999 10063   340   108     6 -9999 -9999
1902 06 05 13    33 -9999 10079   340   118     0 -9999 -9999
1902 06 05 20    28 -9999 10086    20   139     8 -9999 -9999
1902 06 06 06    17 -9999 10086    20   139     4 -9999 -9999
1902 06 06 13    28 -9999 10078    20    98     5 -9999 -9999
1902 06 06 20    17 -9999 10060   340    51     7 -9999 -9999
1902 06 07 06    33 -9999 10062   360    62     6 -9999 -9999
1902 06 07 13    50 -9999 10062   270    41     3 -9999 -9999
1902 06 07 20    33 -9999 10051     0     0     4 -9999 -9999
1902 06 08 06    44 -9999 10032   200    41     4 -9999 -9999
1902 06 08 13    50 -9999 10032     0     0     4 -9999 -9999
1902 06 08 20    44 -9999 10040     0     0     8 -9999 -9999
1902 06 09 06    56 -9999 10047    50    82     8 -9999 -9999
1902 06 09 13    56 -9999 10040    20   118     8 -9999 -9999
1902 06 09 20    61 -9999 10002    70   118     8 -9999 -9999
1902 06 10 06    33 -9999  9938    50   159     8 -9999 -9999
1902 06 10 13    28 -9999  9944    20   118     8 -9999 -9999
1902 06 10 20    22 -9999  9991   320   139     8 -9999 -9999
1902 06 11 06    33 -9999 10054   270    41     0 -9999 -9999
1902 06 11 13    44 -9999 10052    50    41     4 -9999 -9999
1902 06 11 20    33 -9999 10018   360    82     5 -9999 -9999
1902 06 12 06    44 -9999 10052   250    62     4 -9999 -9999
1902 06 12 13    50 -9999 10092   230   118     2 -9999 -9999
1902 06 12 20    28 -9999 10126   230    98     2 -9999 -9999
1902 06 13 06    67 -9999 10142   180    62     3 -9999 -9999
1902 06 13 13    89 -9999 10155     0     0     2 -9999 -9999
1902 06 13 20    61 -9999 10167   180    21     0 -9999 -9999
1902 06 14 06    61 -9999 10174   360    41     2 -9999 -9999
1902 06 14 13    67 -9999 10167   360    98     0 -9999 -9999
1902 06 14 20    67 -9999 10142    20   118     5 -9999 -9999
1902 06 15 06    61 -9999 10076    50   118     8 -9999 -9999
1902 06 15 13    67 -9999 10055    50   118     8 -9999 -9999
1902 06 15 20    56 -9999 10032    20   201     8 -9999 -9999
1902 06 16 06    61 -9999 10055    20   159     8 -9999 -9999
1902 06 16 13    61 -9999 10062    20   159     6 -9999 -9999
1902 06 16 20    50 -9999 10082    20   159     3 -9999 -9999
1902 06 17 06    39 -9999 10074    20   201     8 -9999 -9999
1902 06 17 13    50 -9999 10082   360   201     8 -9999 -9999
1902 06 17 20    44 -9999 10095   360   159     8 -9999 -9999
1902 06 18 06    56 -9999 10124   320    62     2 -9999 -9999
1902 06 18 13   100 -9999 10134     0     0     2 -9999 -9999
1902 06 18 20    61 -9999 10119   180    41     5 -9999 -9999
1902 06 19 06    89 -9999 10162   200    82     5 -9999 -9999
1902 06 19 13   100 -9999 10146   250    98     3 -9999 -9999
1902 06 19 20    56 -9999 10167   250    21     5 -9999 -9999
1902 06 20 06    61 -9999 10187   360    41     4 -9999 -9999
1902 06 20 13    56 -9999 10176   360    98     5 -9999 -9999
1902 06 20 20    50 -9999 10175   360    82     3 -9999 -9999
1902 06 21 06    67 -9999 10186   360    82     0 -9999 -9999
1902 06 21 13    83 -9999 10183   360   118     2 -9999 -9999
1902 06 21 20    78 -9999 10183   360   139     1 -9999 -9999
1902 06 22 06    61 -9999 10188   360   201     4 -9999 -9999
1902 06 22 13    83 -9999 10187   360   159     3 -9999 -9999
1902 06 22 20    78 -9999 10183   360   118     1 -9999 -9999
1902 06 23 06    72 -9999 10214    20   118     2 -9999 -9999
1902 06 23 13    78 -9999 10199    20   139     4 -9999 -9999
1902 06 23 20    67 -9999 10199    20    98     2 -9999 -9999
1902 06 24 06    72 -9999 10226    20    98     0 -9999 -9999
1902 06 24 13    72 -9999 10226    20    82     2 -9999 -9999
1902 06 24 20    61 -9999 10226    20    41     4 -9999 -9999
1902 06 25 06    72 -9999 10236     0     0     1 -9999 -9999
1902 06 25 13    83 -9999 10236   340    62     0 -9999 -9999
1902 06 25 20    78 -9999 10236    20    82     1 -9999 -9999
1902 06 26 06    78 -9999 10262     0     0     1 -9999 -9999
1902 06 26 13   111 -9999 10232     0     0     8 -9999 -9999
1902 06 26 20    94 -9999 10215     0     0     2 -9999 -9999
1902 06 27 06    78 -9999 10199   230    98     8 -9999 -9999
1902 06 27 13    94 -9999 10199   230    62     6 -9999 -9999
1902 06 27 20    72 -9999 10172   230    62     2 -9999 -9999
1902 06 28 06    83 -9999 10116   230    98     8 -9999 -9999
1902 06 28 13    78 -9999 10036   230    98     8 -9999 -9999
1902 06 28 20    89 -9999 10018   270    82     8 -9999 -9999
1902 06 29 06    83 -9999 10062   320   118     1 -9999 -9999
1902 06 29 13   100 -9999 10075   320   118     2 -9999 -9999
1902 06 29 20    78 -9999 10083   320    98     5 -9999 -9999
1902 06 30 06    72 -9999 10119   320    98     6 -9999 -9999
1902 06 30 13    89 -9999 10124   290    82     1 -9999 -9999
1902 06 30 20    78 -9999 10110   250    82     5 -9999 -9999
1902 07 01 06    83 -9999  9998   140    98     8 -9999 -9999
1902 07 01 13    89 -9999  9971   340   118     8 -9999 -9999
1902 07 01 20    67 -9999 10006   250    98     8 -9999 -9999
1902 07 02 06    83 -9999  9998   290    21     1 -9999 -9999
1902 07 02 13    94 -9999 10014   320    21     1 -9999 -9999
1902 07 02 20    67 -9999 10043   320    98     2 -9999 -9999
1902 07 03 06    72 -9999 10070   290    98     8 -9999 -9999
1902 07 03 13    89 -9999 10092   250    98     2 -9999 -9999
1902 07 03 20    94 -9999 10098   320    82     4 -9999 -9999
1902 07 04 06    89 -9999 10127   290    82     8 -9999 -9999
1902 07 04 13   100 -9999 10122   230   118     1 -9999 -9999
1902 07 04 20    94 -9999 10083   180    21     2 -9999 -9999
1902 07 05 06   128 -9999 10042   180    82     5 -9999 -9999
1902 07 05 13   100 -9999 10026   360    98     8 -9999 -9999
1902 07 05 20    94 -9999 10028     0     0     8 -9999 -9999
1902 07 06 06   100 -9999 10084   340    41     8 -9999 -9999
1902 07 06 13   100 -9999 10083   360    82     8 -9999 -9999
1902 07 06 20    83 -9999 10084   360   118     8 -9999 -9999
1902 07 07 06    78 -9999 10078   360   118     8 -9999 -9999
1902 07 07 13    89 -9999 10075   360   118     2 -9999 -9999
1902 07 07 20    78 -9999 10063   360   118     5 -9999 -9999
1902 07 08 06    94 -9999 10038    20    62     8 -9999 -9999
1902 07 08 13    89 -9999 10055    20   139     8 -9999 -9999
1902 07 08 20    89 -9999 10062    20   118     6 -9999 -9999
1902 07 09 06    89 -9999 10064    20    98     4 -9999 -9999
1902 07 09 13    94 -9999 10071    20    98     4 -9999 -9999
1902 07 09 20    89 -9999 10071    20    98     5 -9999 -9999
1902 07 10 06    94 -9999 10075    20    98     5 -9999 -9999
1902 07 10 13    89 -9999 10068    20    98     8 -9999 -9999
1902 07 10 20    78 -9999 10056    50    98     8 -9999 -9999
1902 07 11 06    83 -9999 10028    20    98     4 -9999 -9999
1902 07 11 13    94 -9999 10030    20    82     4 -9999 -9999
1902 07 11 20    94 -9999 10032    50    62     1 -9999 -9999
1902 07 12 06    94 -9999 10023    20   118     6 -9999 -9999
1902 07 12 13    94 -9999 10007    20   139     8 -9999 -9999
1902 07 12 20    94 -9999  9971    20   139     8 -9999 -9999
1902 07 13 06    94 -9999 -9999   320    21     8 -9999 -9999
1902 07 13 13   106 -9999 10038   230    41     8 -9999 -9999
1902 07 13 20    89 -9999 10075   230    98     2 -9999 -9999
1902 07 14 06    89 -9999 10088   160    41     6 -9999 -9999
1902 07 14 13   100 -9999 10094   360    62     8 -9999 -9999
1902 07 14 20    94 -9999 10099   290    62     8 -9999 -9999
1902 07 15 06    89 -9999 10139   270    21     0 -9999 -9999
1902 07 15 13   117 -9999 10154     0     0     0 -9999 -9999
1902 07 15 20   122 -9999 10154     0     0     0 -9999 -9999
1902 07 16 06   117 -9999 10114   360    82     4 -9999 -9999
1902 07 16 13   128 -9999 10103   360    98     4 -9999 -9999
1902 07 16 20   111 -9999 10075     0     0     6 -9999 -9999
1902 07 17 06   111 -9999 10074   360    98     8 -9999 -9999
1902 07 17 13   111 -9999 10079   360    98     8 -9999 -9999
1902 07 17 20   106 -9999 10079   290    41     8 -9999 -9999
1902 07 18 06   122 -9999 10074   230    41     8 -9999 -9999
1902 07 18 13   150 -9999 10080     0     0     2 -9999 -9999
1902 07 18 20   122 -9999 10084   360    41     2 -9999 -9999
1902 07 19 06   111 -9999 10064   360   118     8 -9999 -9999
1902 07 19 13   122 -9999 10064   360    98     8 -9999 -9999
1902 07 19 20   117 -9999 10054     0     0     8 -9999 -9999
1902 07 20 06   122 -9999  9976   360   159     8 -9999 -9999
1902 07 20 13    83 -9999  9980   360   159     8 -9999 -9999
1902 07 20 20    83 -9999  9998     0     0     8 -9999 -9999
1902 07 21 06    89 -9999 10031   180    62     8 -9999 -9999
1902 07 21 13   111 -9999 10043     0     0     4 -9999 -9999
1902 07 21 20    78 -9999 10055   230    98     8 -9999 -9999
1902 07 22 06    83 -9999 10078   200    98     4 -9999 -9999
1902 07 22 13   100 -9999 10084   230    82     3 -9999 -9999
1902 07 22 20    83 -9999 10088   230    62     2 -9999 -9999
1902 07 23 06    83 -9999 10088     0     0     1 -9999 -9999
1902 07 23 13   133 -9999 10096     0     0     2 -9999 -9999
1902 07 23 20    78 -9999 10087     0     0     3 -9999 -9999
1902 07 24 06   106 -9999 10120     0     0     3 -9999 -9999
1902 07 24 13   150 -9999 10112     0     0     0 -9999 -9999
1902 07 24 20   122 -9999 10140    90    21     6 -9999 -9999
1902 07 25 06   122 -9999 10126     0     0     2 -9999 -9999
1902 07 25 13   156 -9999 10122     0     0     4 -9999 -9999
1902 07 25 20   117 -9999 10120   270    41     8 -9999 -9999
1902 07 26 06   111 -9999 10104   230    41     8 -9999 -9999
1902 07 26 13   144 -9999 10092   180    21     5 -9999 -9999
1902 07 26 20   100 -9999 10083   230   118     8 -9999 -9999
1902 07 27 06    94 -9999 10103   250    82     1 -9999 -9999
1902 07 27 13   128 -9999 10088    50    41     1 -9999 -9999
1902 07 27 20   111 -9999 10054    70    62     1 -9999 -9999
1902 07 28 06   106 -9999  9967    90   118     8 -9999 -9999
1902 07 28 13   133 -9999  9960    70    21     5 -9999 -9999
1902 07 28 20   100 -9999  9967   230    21     8 -9999 -9999
1902 07 29 06   100 -9999  9968   230    98     8 -9999 -9999
1902 07 29 13   117 -9999  9994     0     0     8 -9999 -9999
1902 07 29 20   100 -9999  9995     0     0     8 -9999 -9999
1902 07 30 06   106 -9999 10047    70    98     8 -9999 -9999
1902 07 30 13   111 -9999 10048    50    98     6 -9999 -9999
1902 07 30 20   100 -9999 10066     0     0     5 -9999 -9999
1902 07 31 06   100 -9999 10066    50    21     8 -9999 -9999
1902 07 31 13   122 -9999 10068   360    21     8 -9999 -9999
1902 07 31 20   106 -9999 10072   270    62     6 -9999 -9999
1902 08 01 06   117 -9999 10092   290    62     5 -9999 -9999
1902 08 01 13   128 -9999 10106   290    41     0 -9999 -9999
1902 08 01 20   122 -9999 10103   270    21     2 -9999 -9999
1902 08 02 06   117 -9999 10104   360    82     4 -9999 -9999
1902 08 02 13   144 -9999 10114   320    21     2 -9999 -9999
1902 08 02 20   117 -9999 10119   270    21     1 -9999 -9999
1902 08 03 06   128 -9999 10128     0     0     2 -9999 -9999
1902 08 03 13   150 -9999 10134   360    62     0 -9999 -9999
1902 08 03 20   117 -9999 10140     0     0     2 -9999 -9999
1902 08 04 06   128 -9999 10119     0     0     4 -9999 -9999
1902 08 04 13   144 -9999 10112    20    62     8 -9999 -9999
1902 08 04 20   133 -9999 10103    50   118     8 -9999 -9999
1902 08 05 06   106 -9999 10079    70   118     8 -9999 -9999
1902 08 05 13   133 -9999 10084    70    82     8 -9999 -9999
1902 08 05 20   122 -9999 10084    90    82     8 -9999 -9999
1902 08 06 06   117 -9999 10095    50    62     3 -9999 -9999
1902 08 06 13   128 -9999 10094    50    62     4 -9999 -9999
1902 08 06 20   122 -9999 10084    90    98     8 -9999 -9999
1902 08 07 06   122 -9999 10086    70    41     4 -9999 -9999
1902 08 07 13   139 -9999 10082    20    62     4 -9999 -9999
1902 08 07 20   111 -9999 10075    50    41     8 -9999 -9999
1902 08 08 06   122 -9999 10084   230    41     8 -9999 -9999
1902 08 08 13   144 -9999 10084   230    41     8 -9999 -9999
1902 08 08 20   122 -9999 10084     0     0     8 -9999 -9999
1902 08 09 06   122 -9999 10104   200    21     3 -9999 -9999
1902 08 09 13   150 -9999 10111   360    21     1 -9999 -9999
1902 08 09 20   128 -9999 10084   360    62     3 -9999 -9999
1902 08 10 06   122 -9999 10032    90    98     8 -9999 -9999
1902 08 10 13   122 -9999 10015    90   118     8 -9999 -9999
1902 08 10 20   111 -9999 10014     0     0     8 -9999 -9999
1902 08 11 06   106 -9999 10007   200   118     1 -9999 -9999
1902 08 11 13   139 -9999 10020   200    82     2 -9999 -9999
1902 08 11 20   111 -9999 10042    90    62     8 -9999 -9999
1902 08 12 06   122 -9999 10068   180    62     6 -9999 -9999
1902 08 12 13   144 -9999 10068   110    62     4 -9999 -9999
1902 08 12 20   122 -9999 10072   110    62     4 -9999 -9999
1902 08 13 06   117 -9999 10078    90    82     6 -9999 -9999
1902 08 13 13   128 -9999 10050    50    82     4 -9999 -9999
1902 08 13 20   117 -9999 10032    70    62     6 -9999 -9999
1902 08 14 06   117 -9999  9992    50   118     8 -9999 -9999
1902 08 14 13   133 -9999  9992     0     0     6 -9999 -9999
1902 08 14 20   100 -9999 10020     0     0     2 -9999 -9999
1902 08 15 06   111 -9999  9994    20    98     8 -9999 -9999
1902 08 15 13   106 -9999  9952    20   201     8 -9999 -9999
1902 08 15 20   100 -9999  9880    20   201     8 -9999 -9999
1902 08 16 06    94 -9999  9858   140    98     8 -9999 -9999
1902 08 16 13   100 -9999  9859   160    98     8 -9999 -9999
1902 08 16 20    89 -9999  9898   180   118     8 -9999 -9999
1902 08 17 06    94 -9999  9964   180   118     8 -9999 -9999
1902 08 17 13   100 -9999  9988   200   118     5 -9999 -9999
1902 08 17 20    89 -9999 10018   200   139     8 -9999 -9999
1902 08 18 06   100 -9999 10067   250    82     8 -9999 -9999
1902 08 18 13   111 -9999 10112   230    62     3 -9999 -9999
1902 08 18 20   100 -9999 10128   200    41     1 -9999 -9999
1902 08 19 06   100 -9999 10140   160    82     3 -9999 -9999
1902 08 19 13   117 -9999 10126   200    82     3 -9999 -9999
1902 08 19 20   100 -9999 10108   200    82     4 -9999 -9999
1902 08 20 06   111 -9999 10051    90    98     6 -9999 -9999
1902 08 20 13   111 -9999  9980   110    82     8 -9999 -9999
1902 08 20 20   117 -9999  9975   180    62     8 -9999 -9999
1902 08 21 06   100 -9999  9984   200   118     5 -9999 -9999
1902 08 21 13   106 -9999 10003   230    98     8 -9999 -9999
1902 08 21 20    89 -9999  9994   180    82     2 -9999 -9999
1902 08 22 06    83 -9999  9988   200    62     8 -9999 -9999
1902 08 22 13    94 -9999  9995   250    41     8 -9999 -9999
1902 08 22 20    94 -9999 10002   270    82     8 -9999 -9999
1902 08 23 06    89 -9999 10104   320   159     8 -9999 -9999
1902 08 23 13   100 -9999 10128   250    98     0 -9999 -9999
1902 08 23 20    89 -9999 10150   230    98     0 -9999 -9999
1902 08 24 06    83 -9999 10160   200    82     1 -9999 -9999
1902 08 24 13   144 -9999 10163     0     0     1 -9999 -9999
1902 08 24 20   106 -9999 10154   200    62     4 -9999 -9999
1902 08 25 06   100 -9999 10148   200    98     8 -9999 -9999
1902 08 25 13   100 -9999 10148   200   118     8 -9999 -9999
1902 08 25 20   100 -9999 10127   180    62     8 -9999 -9999
1902 08 26 06   106 -9999 10102   110    62     8 -9999 -9999
1902 08 26 13   106 -9999 10095    70    62     8 -9999 -9999
1902 08 26 20   106 -9999 10114     0     0     8 -9999 -9999
1902 08 27 06   100 -9999 10167     0     0     6 -9999 -9999
1902 08 27 13   122 -9999 10207   360    41     2 -9999 -9999
1902 08 27 20   100 -9999 10220   360    21     3 -9999 -9999
1902 08 28 06   100 -9999 10234     0     0     1 -9999 -9999
1902 08 28 13   106 -9999 10220    20    98     1 -9999 -9999
1902 08 28 20   100 -9999 10210    20    98     1 -9999 -9999
1902 08 29 06    94 -9999 10204    50    21     4 -9999 -9999
1902 08 29 13    94 -9999 10188    50    82     6 -9999 -9999
1902 08 29 20    94 -9999 10182    20    98     5 -9999 -9999
1902 08 30 06   100 -9999 10194    50    62     6 -9999 -9999
1902 08 30 13   100 -9999 10195    20    82     0 -9999 -9999
1902 08 30 20    94 -9999 10195    20    82     2 -9999 -9999
1902 08 31 06    94 -9999 10203    90    82     1 -9999 -9999
1902 08 31 13   100 -9999 10188    90    82     2 -9999 -9999
1902 08 31 20    94 -9999 10184    90    82     3 -9999 -9999
1902 09 01 06    72 -9999 10178   160   118     6 -9999 -9999
1902 09 01 13   100 -9999 10158   160   118     8 -9999 -9999
1902 09 01 20    78 -9999 10148   110    98     8 -9999 -9999
1902 09 02 06    78 -9999 10150   110    98     8 -9999 -9999
1902 09 02 13   100 -9999 10163    90    82     8 -9999 -9999
1902 09 02 20    89 -9999 10183     0     0     8 -9999 -9999
1902 09 03 06    89 -9999 10192   180    98     8 -9999 -9999
1902 09 03 13   128 -9999 10175   160    82     3 -9999 -9999
1902 09 03 20   106 -9999 10138   180    82     6 -9999 -9999
1902 09 04 06   106 -9999 10076   200    82     8 -9999 -9999
1902 09 04 13   117 -9999 10043   200   159     8 -9999 -9999
1902 09 04 20   117 -9999  9995   200   201     4 -9999 -9999
1902 09 05 06   106 -9999 10003   270   159     2 -9999 -9999
1902 09 05 13   111 -9999 10027   250    98     2 -9999 -9999
1902 09 05 20    94 -9999 10043     0     0     4 -9999 -9999
1902 09 06 06    94 -9999 10071    90    82     6 -9999 -9999
1902 09 06 13   117 -9999 10126     0     0     8 -9999 -9999
1902 09 06 20    89 -9999 10159   360    98     2 -9999 -9999
1902 09 07 06   100 -9999 10202   200    62     8 -9999 -9999
1902 09 07 13   111 -9999 10184   180    62     3 -9999 -9999
1902 09 07 20   100 -9999 10168   230    82     8 -9999 -9999
1902 09 08 06   100 -9999 10119   230   139     8 -9999 -9999
1902 09 08 13   106 -9999 10079   230   159     8 -9999 -9999
1902 09 08 20   117 -9999 10036   250   201     7 -9999 -9999
1902 09 09 06   111 -9999  9958   250   201     1 -9999 -9999
1902 09 09 13   111 -9999  9958   250   180     4 -9999 -9999
1902 09 09 20   106 -9999  9951   270   201     1 -9999 -9999
1902 09 10 06    83 -9999  9962   290   201     2 -9999 -9999
1902 09 10 13    89 -9999  9986   270   159     3 -9999 -9999
1902 09 10 20    94 -9999 10012   360   159     6 -9999 -9999
1902 09 11 06    72 -9999 10082   340   180     1 -9999 -9999
1902 09 11 13    78 -9999 10092   340   118     4 -9999 -9999
1902 09 11 20    72 -9999 10086   230    21     6 -9999 -9999
1902 09 12 06    61 -9999 10020   180    98     6 -9999 -9999
1902 09 12 13    83 -9999 10016   230    62     6 -9999 -9999
1902 09 12 20    72 -9999 -9999    70    82     8 -9999 -9999
1902 09 13 06    72 -9999  9898    70   159     8 -9999 -9999
1902 09 13 13    78 -9999  9775    70   201     8 -9999 -9999
1902 09 13 20    89 -9999  9743   180    98     8 -9999 -9999
1902 09 14 06    72 -9999  9767   180   118     8 -9999 -9999
1902 09 14 13    78 -9999  9788     0     0     6 -9999 -9999
1902 09 14 20    72 -9999  9799   180    98     4 -9999 -9999
1902 09 15 06    67 -9999  9815   230   118     8 -9999 -9999
1902 09 15 13    72 -9999  9834   230   159     8 -9999 -9999
1902 09 15 20    67 -9999  9858   320    82     4 -9999 -9999
1902 09 16 06    61 -9999  9922   290   139     7 -9999 -9999
1902 09 16 13    89 -9999  9983   290    41     8 -9999 -9999
1902 09 16 20    72 -9999 10015    50    62     4 -9999 -9999
1902 09 17 06    67 -9999  9963    70   139     8 -9999 -9999
1902 09 17 13    89 -9999  9970    70   118     8 -9999 -9999
1902 09 17 20    89 -9999  9948    50    41     8 -9999 -9999
1902 09 18 06    67 -9999  9947   270    82     8 -9999 -9999
1902 09 18 13    61 -9999  9966   270    98     8 -9999 -9999
1902 09 18 20    56 -9999  9974   250    82     8 -9999 -9999
1902 09 19 06    39 -9999 10011   360   201     8 -9999 -9999
1902 09 19 13    44 -9999 10082   360   201     8 -9999 -9999
1902 09 19 20    44 -9999 10095   360   201     8 -9999 -9999
1902 09 20 06    39 -9999 10166   360   201     4 -9999 -9999
1902 09 20 13    39 -9999 10218   360   159     4 -9999 -9999
1902 09 20 20    50 -9999 10231   340   139     4 -9999 -9999
1902 09 21 06    44 -9999 10262   320    82     0 -9999 -9999
1902 09 21 13    44 -9999 10268   320   159     0 -9999 -9999
1902 09 21 20    56 -9999 10263   270    62     0 -9999 -9999
1902 09 22 06    61 -9999 10228   290   118     4 -9999 -9999
1902 09 22 13    78 -9999 10242   320   118     4 -9999 -9999
1902 09 22 20    78 -9999 10255   340   139     0 -9999 -9999
1902 09 23 06    61 -9999 10284     0     0     1 -9999 -9999
1902 09 23 13    83 -9999 10282   230    41     3 -9999 -9999
1902 09 23 20    78 -9999 10271   200    82     5 -9999 -9999
1902 09 24 06    83 -9999 10247   230    82     8 -9999 -9999
1902 09 24 13   106 -9999 10247   230    21     4 -9999 -9999
1902 09 24 20    61 -9999 10246   200    21     4 -9999 -9999
1902 09 25 06    61 -9999 10228   200    62     8 -9999 -9999
1902 09 25 13    78 -9999 10223   200    98     8 -9999 -9999
1902 09 25 20    61 -9999 10202   230   139     8 -9999 -9999
1902 09 26 06    83 -9999 10188   270    82     2 -9999 -9999
1902 09 26 13    83 -9999 10167   230    98     4 -9999 -9999
1902 09 26 20    83 -9999 10122   250   118     0 -9999 -9999
1902 09 27 06    72 -9999 10095   290    82     2 -9999 -9999
1902 09 27 13    72 -9999 10106   320    82     8 -9999 -9999
1902 09 27 20    72 -9999 10140   360   201     8 -9999 -9999
1902 09 28 06    39 -9999 10175   340   139     8 -9999 -9999
1902 09 28 13    56 -9999 10194   340   118     8 -9999 -9999
1902 09 28 20    78 -9999 10108   320   118     8 -9999 -9999
1902 09 29 06    72 -9999 10116   290   139     6 -9999 -9999
1902 09 29 13    67 -9999 10100   290   139     8 -9999 -9999
1902 09 29 20    44 -9999 10148   360   180     8 -9999 -9999
1902 09 30 06    22 -9999 10186   360   201     4 -9999 -9999
1902 09 30 13    22 -9999 10195   360   159     4 -9999 -9999
1902 09 30 20    33 -9999 10238   360   139     4 -9999 -9999
1902 10 01 06    22 -9999 10247   360   139     4 -9999 -9999
1902 10 01 13    28 -9999 10262   360   118     4 -9999 -9999
1902 10 01 20    39 -9999 10263   360    62     8 -9999 -9999
1902 10 02 06    28 -9999 10238   270   139     4 -9999 -9999
1902 10 02 13    44 -9999 10184   250   139     5 -9999 -9999
1902 10 02 20    33 -9999 10134   250   139     8 -9999 -9999
1902 10 03 06    67 -9999 10014   250   139     8 -9999 -9999
1902 10 03 13    28 -9999 10047   250   278     8 -9999 -9999
1902 10 03 20    28 -9999 10099   360   201     5 -9999 -9999
1902 10 04 06    22 -9999 10171   360   139     5 -9999 -9999
1902 10 04 13    33 -9999 10168   360   118     4 -9999 -9999
1902 10 04 20    28 -9999 10171   340   118     1 -9999 -9999
1902 10 05 06    28 -9999 10159   270    41     4 -9999 -9999
1902 10 05 13    67 -9999 10160   320    98     4 -9999 -9999
1902 10 05 20    56 -9999 10162     0     0     1 -9999 -9999
1902 10 06 06    67 -9999 10146   290    82     2 -9999 -9999
1902 10 06 13    78 -9999 10138   270    98     4 -9999 -9999
1902 10 06 20    72 -9999 10123   250   118     2 -9999 -9999
1902 10 07 06    56 -9999 10095   270    98     4 -9999 -9999
1902 10 07 13    67 -9999 10028   270    98     4 -9999 -9999
1902 10 07 20    67 -9999 10020   250   139     4 -9999 -9999
1902 10 08 06    44 -9999 10050   360   159     2 -9999 -9999
1902 10 08 13    33 -9999 10052   360   159     2 -9999 -9999
1902 10 08 20    39 -9999 10156   360   159     4 -9999 -9999
1902 10 09 06    22 -9999 10188    50    21     6 -9999 -9999
1902 10 09 13    39 -9999 10162   200   118     3 -9999 -9999
1902 10 09 20    56 -9999 10140   250   159     4 -9999 -9999
1902 10 10 06    44 -9999 10099   270    98     0 -9999 -9999
1902 10 10 13    50 -9999 10072   250    98     0 -9999 -9999
1902 10 10 20    56 -9999 10058   230   118     8 -9999 -9999
1902 10 11 06    44 -9999  9998   180    21     8 -9999 -9999
1902 10 11 13    28 -9999  9983   200    62     8 -9999 -9999
1902 10 11 20    28 -9999 10023    20   201     8 -9999 -9999
1902 10 12 06    11 -9999 10098    70   118     8 -9999 -9999
1902 10 12 13    17 -9999 10148    70    41     8 -9999 -9999
1902 10 12 20    11 -9999 10151     0     0     8 -9999 -9999
1902 10 13 06     0 -9999 10159   340    98     8 -9999 -9999
1902 10 13 13    11 -9999 10154   320    82     7 -9999 -9999
1902 10 13 20     6 -9999 10138   340    21     1 -9999 -9999
1902 10 14 06    -6 -9999 10074    70    98     8 -9999 -9999
1902 10 14 13    -6 -9999 10075    70   118     8 -9999 -9999
1902 10 14 20   -11 -9999 10075    70   139     8 -9999 -9999
1902 10 15 06   -33 -9999 10114    70   139     0 -9999 -9999
1902 10 15 13   -17 -9999 10115    70   118     0 -9999 -9999
1902 10 15 20   -22 -9999 10108    70    98     0 -9999 -9999
1902 10 16 06   -44 -9999 10114   140    62     0 -9999 -9999
1902 10 16 13   -17 -9999 10074   110    82     0 -9999 -9999
1902 10 16 20   -33 -9999 10038   140   139     0 -9999 -9999
1902 10 17 06   -28 -9999  9968    90   118     8 -9999 -9999
1902 10 17 13    -6 -9999  9967    70   118     8 -9999 -9999
1902 10 17 20    -6 -9999  9970    70   118     8 -9999 -9999
1902 10 18 06   -22 -9999 10010    70   139     8 -9999 -9999
1902 10 18 13   -11 -9999 10035    50   139     8 -9999 -9999
1902 10 18 20     0 -9999 10042    50   139     8 -9999 -9999
1902 10 19 06     0 -9999 10055    50   118     8 -9999 -9999
1902 10 19 13     0 -9999 10059    20   118     8 -9999 -9999
1902 10 19 20     0 -9999 10062    20   118     8 -9999 -9999
1902 10 20 06    -6 -9999 10116    70    41     8 -9999 -9999
1902 10 20 13   -17 -9999 10134   140    62     8 -9999 -9999
1902 10 20 20   -28 -9999 10138   140    62     8 -9999 -9999
1902 10 21 06   -33 -9999 10148   140   118     8 -9999 -9999
1902 10 21 13   -28 -9999 10148   140   139     8 -9999 -9999
1902 10 21 20   -28 -9999 10150   140   159     8 -9999 -9999
1902 10 22 06   -50 -9999 10180   140   118     4 -9999 -9999
1902 10 22 13   -50 -9999 10187   140    98     0 -9999 -9999
1902 10 22 20   -56 -9999 10195   140    98     8 -9999 -9999
1902 10 23 06   -78 -9999 10234   160    98     6 -9999 -9999
1902 10 23 13   -50 -9999 10244   180    98     8 -9999 -9999
1902 10 23 20   -39 -9999 10198   180   139     8 -9999 -9999
1902 10 24 06    11 -9999 10039   160   159     8 -9999 -9999
1902 10 24 13    50 -9999  9976   250   139     8 -9999 -9999
1902 10 24 20    50 -9999 -9999   270   159     0 -9999 -9999
1902 10 25 06    33 -9999 10068   270   201     1 -9999 -9999
1902 10 25 13    50 -9999 10064   290   201     1 -9999 -9999
1902 10 25 20    39 -9999 10120   250   201     0 -9999 -9999
1902 10 26 06    44 -9999 10127   320   139     2 -9999 -9999
1902 10 26 13    50 -9999 10112   230    82     0 -9999 -9999
1902 10 26 20    44 -9999 10108   230    82     3 -9999 -9999
1902 10 27 06    44 -9999 10080   250    82     6 -9999 -9999
1902 10 27 13    44 -9999 10090   250    82     6 -9999 -9999
1902 10 27 20    44 -9999 10095   250    82     2 -9999 -9999
1902 10 28 06    44 -9999 10095   230    98     8 -9999 -9999
1902 10 28 13    44 -9999 10094   230   139     8 -9999 -9999
1902 10 28 20    44 -9999 10086   230   139     5 -9999 -9999
1902 10 29 06    44 -9999 10067   230   139     6 -9999 -9999
1902 10 29 13    44 -9999 10019   230   159     8 -9999 -9999
1902 10 29 20    44 -9999  9995   230   201     8 -9999 -9999
1902 10 30 06    50 -9999  9966   230   201     8 -9999 -9999
1902 10 30 13    50 -9999  9934   230   159     8 -9999 -9999
1902 10 30 20    50 -9999  9922   230   139     8 -9999 -9999
1902 10 31 06    33 -9999  9882   270   118     1 -9999 -9999
1902 10 31 13    33 -9999  9912   320   139     6 -9999 -9999
1902 10 31 20    28 -9999  9919   320   139     2 -9999 -9999
1902 11 01 06    11 -9999  9792   160   201     8 -9999 -9999
1902 11 01 13    33 -9999  9732   250   159     8 -9999 -9999
1902 11 01 20    22 -9999  9658   270   159     8 -9999 -9999
1902 11 02 06     6 -9999  9735    20   278     8 -9999 -9999
1902 11 02 13    17 -9999  9815    20   278     8 -9999 -9999
1902 11 02 20    22 -9999  9974   320   201     4 -9999 -9999
1902 11 03 06    11 -9999 10027   320   118     0 -9999 -9999
1902 11 03 13    22 -9999 10011   200   118     8 -9999 -9999
1902 11 03 20    28 -9999  9963   230   159     4 -9999 -9999
1902 11 04 06    17 -9999  9912   340   118     8 -9999 -9999
1902 11 04 13    17 -9999  9960   340   159     8 -9999 -9999
1902 11 04 20    -6 -9999 -9999   340   159     8 -9999 -9999
1902 11 05 06   -28 -9999 10135    20   201     8 -9999 -9999
1902 11 05 13   -33 -9999 10235    20   278     8 -9999 -9999
1902 11 05 20   -44 -9999 10288    20   159     5 -9999 -9999
1902 11 06 06   -28 -9999 10323   320    62     8 -9999 -9999
1902 11 06 13   -22 -9999 10320   290   118     8 -9999 -9999
1902 11 06 20   -17 -9999 10291   230   201     8 -9999 -9999
1902 11 07 06    17 -9999 10204   230   278     8 -9999 -9999
1902 11 07 13    17 -9999 10175   250   201     8 -9999 -9999
1902 11 07 20     6 -9999 10174   270    82     0 -9999 -9999
1902 11 08 06    28 -9999 10135   230   278     8 -9999 -9999
1902 11 08 13    28 -9999 10128   230   278     8 -9999 -9999
1902 11 08 20    33 -9999 10130   230   278     8 -9999 -9999
1902 11 09 06    28 -9999 10148   200   118     8 -9999 -9999
1902 11 09 13    28 -9999 10135   180   118     8 -9999 -9999
1902 11 09 20    22 -9999 10123   160   118     8 -9999 -9999
1902 11 10 06    39 -9999 10094   180   159     8 -9999 -9999
1902 11 10 13    44 -9999 10046   180   139     8 -9999 -9999
1902 11 10 20    44 -9999 10040   180   139     8 -9999 -9999
1902 11 11 06    39 -9999 10048   230   201     8 -9999 -9999
1902 11 11 13    44 -9999 10080   250   159     2 -9999 -9999
1902 11 11 20    44 -9999 10132   270   139     0 -9999 -9999
1902 11 12 06    33 -9999 10200   290    98     0 -9999 -9999
1902 11 12 13    33 -9999 10222   230    98     8 -9999 -9999
1902 11 12 20    28 -9999 10210   230   139     0 -9999 -9999
1902 11 13 06    33 -9999 10130   230   278     8 -9999 -9999
1902 11 13 13    33 -9999 10119   250   201     8 -9999 -9999
1902 11 13 20    33 -9999 10134   270   118     2 -9999 -9999
1902 11 14 06    28 -9999 10192    20    98     8 -9999 -9999
1902 11 14 13    22 -9999 10215    70    98     8 -9999 -9999
1902 11 14 20     0 -9999 10250   110   118     8 -9999 -9999
1902 11 15 06     6 -9999 10316    90    21     8 -9999 -9999
1902 11 15 13     6 -9999 10367    50    98     8 -9999 -9999
1902 11 15 20    28 -9999 10406    50    98     8 -9999 -9999
1902 11 16 06   -28 -9999 10422   230    62     8 -9999 -9999
1902 11 16 13   -17 -9999 10408   230   118     8 -9999 -9999
1902 11 16 20     0 -9999 10406   230   139     8 -9999 -9999
1902 11 17 06    22 -9999 10388   230   201     8 -9999 -9999
1902 11 17 13    11 -9999 10375   230   278     8 -9999 -9999
1902 11 17 20    11 -9999 10368   250   278     8 -9999 -9999
1902 11 18 06    22 -9999 10343   270   159     0 -9999 -9999
1902 11 18 13    28 -9999 10334   230   118     8 -9999 -9999
1902 11 18 20    33 -9999 10322   320   118     0 -9999 -9999
1902 11 19 06    33 -9999 10260   320   201     1 -9999 -9999
1902 11 19 13    39 -9999 10256   320   201     0 -9999 -9999
1902 11 19 20    33 -9999 10270   320   159     0 -9999 -9999
1902 11 20 06     0 -9999 10200   200   118     8 -9999 -9999
1902 11 20 13    33 -9999 10122   290   159     0 -9999 -9999
1902 11 20 20    44 -9999 10087   290   201     5 -9999 -9999
1902 11 21 06    -6 -9999 10188    20   201     2 -9999 -9999
1902 11 21 13   -11 -9999 10227    20   201     4 -9999 -9999
1902 11 21 20   -28 -9999 10215   200    98     5 -9999 -9999
1902 11 22 06    33 -9999 10075   290   201     2 -9999 -9999
1902 11 22 13    33 -9999 10027   270   201     7 -9999 -9999
1902 11 22 20    44 -9999 -9999   270   278     8 -9999 -9999
1902 11 23 06    28 -9999  9994   320   159     0 -9999 -9999
1902 11 23 13    28 -9999 10002   320   118     0 -9999 -9999
1902 11 23 20    17 -9999 10014   320   118     0 -9999 -9999
1902 11 24 06  -100 -9999 10167    90   139     0 -9999 -9999
1902 11 24 13  -100 -9999 10180    70    98     0 -9999 -9999
1902 11 24 20  -106 -9999 10188   140    62     0 -9999 -9999
1902 11 25 06  -106 -9999 10175   180   118     8 -9999 -9999
1902 11 25 13   -78 -9999 10167   200   118     8 -9999 -9999
1902 11 25 20   -61 -9999 10162   200   139     8 -9999 -9999
1902 11 26 06   -56 -9999 10152   230   159     8 -9999 -9999
1902 11 26 13   -50 -9999 10122   230   159     8 -9999 -9999
1902 11 26 20   -50 -9999 10107   230   201     8 -9999 -9999
1902 11 27 06     6 -9999  9970   230   159     8 -9999 -9999
1902 11 27 13    -6 -9999  9974   270   139     8 -9999 -9999
1902 11 27 20   -44 -9999  9983   270   159     8 -9999 -9999
1902 11 28 06   -56 -9999 10034    20   201     8 -9999 -9999
1902 11 28 13   -56 -9999 10062    50   201     8 -9999 -9999
1902 11 28 20   -67 -9999 10082    50   201     5 -9999 -9999
1902 11 29 06   -44 -9999 10076    50   118     4 -9999 -9999
1902 11 29 13   -28 -9999 10070    70    98     4 -9999 -9999
1902 11 29 20   -28 -9999 10068    50   159     4 -9999 -9999
1902 11 30 06   -67 -9999 10154    50   159     4 -9999 -9999
1902 11 30 13   -83 -9999 10156    70   118     4 -9999 -9999
1902 11 30 20   -78 -9999 10182   110   159     3 -9999 -9999
1902 12 01 06  -100 -9999 10240   160   118     4 -9999 -9999
1902 12 01 13   -94 -9999 10254    70    98     4 -9999 -9999
1902 12 01 20   -94 -9999 10268    90    98     0 -9999 -9999
1902 12 02 06  -117 -9999 10282    90    82     8 -9999 -9999
1902 12 02 13  -122 -9999 10298    70    98     8 -9999 -9999
1902 12 02 20  -128 -9999 10307    90    98     8 -9999 -9999
1902 12 03 06  -117 -9999 10314   180    82     8 -9999 -9999
1902 12 03 13   -94 -9999 10314   180    82     8 -9999 -9999
1902 12 03 20   -67 -9999 10340   230   118     8 -9999 -9999
1902 12 04 06   -78 -9999 10374     0     0     8 -9999 -9999
1902 12 04 13   -61 -9999 10382   250    41     8 -9999 -9999
1902 12 04 20   -56 -9999 10394   230   139     8 -9999 -9999
1902 12 05 06   -22 -9999 10338   230   139     4 -9999 -9999
1902 12 05 13   -17 -9999 10299   230   139     6 -9999 -9999
1902 12 05 20     6 -9999 10275   230   159     8 -9999 -9999
1902 12 06 06    17 -9999 10280   270    98     4 -9999 -9999
1902 12 06 13    11 -9999 10280   320    82     4 -9999 -9999
1902 12 06 20     6 -9999 10279   290    41     5 -9999 -9999
1902 12 07 06     0 -9999 10255   290    41     1 -9999 -9999
1902 12 07 13     0 -9999 10246   290    62     0 -9999 -9999
1902 12 07 20    -6 -9999 10228   270    98     4 -9999 -9999
1902 12 08 06    -6 -9999 10186   250   118     0 -9999 -9999
1902 12 08 13    -6 -9999 10183   230   118     0 -9999 -9999
1902 12 08 20    11 -9999 10182   250   139     0 -9999 -9999
1902 12 09 06     0 -9999 10263   340   201     0 -9999 -9999
1902 12 09 13     0 -9999 10280   320   139     0 -9999 -9999
1902 12 09 20    -6 -9999 10294   290    98     0 -9999 -9999
1902 12 10 06     0 -9999 10215   250   159     3 -9999 -9999
1902 12 10 13    28 -9999 10207   250   159     4 -9999 -9999
1902 12 10 20    28 -9999 10200   250   159     0 -9999 -9999
1902 12 11 06     6 -9999 10206   270   118     0 -9999 -9999
1902 12 11 13    22 -9999 10206   270    98     0 -9999 -9999
1902 12 11 20    17 -9999 10204   270   139     0 -9999 -9999
1902 12 12 06    11 -9999 10220   270    98     0 -9999 -9999
1902 12 12 13     6 -9999 10240   270    98     0 -9999 -9999
1902 12 12 20     0 -9999 10232   270    98     0 -9999 -9999
1902 12 13 06   -28 -9999 10240   230   139     8 -9999 -9999
1902 12 13 13   -17 -9999 10239   200   139     8 -9999 -9999
1902 12 13 20   -33 -9999 10235   230   139     4 -9999 -9999
1902 12 14 06   -17 -9999 10194   200   159     8 -9999 -9999
1902 12 14 13     0 -9999 10187   200   159     8 -9999 -9999
1902 12 14 20     0 -9999 10182   230   159     8 -9999 -9999
1902 12 15 06    11 -9999 10136   200   159     8 -9999 -9999
1902 12 15 13    11 -9999 10134   200   159     8 -9999 -9999
1902 12 15 20    17 -9999 10143   200   201     8 -9999 -9999
1902 12 16 06    17 -9999 10139   200   159     8 -9999 -9999
1902 12 16 13     6 -9999 10132   230   159     8 -9999 -9999
1902 12 16 20     0 -9999 10112   230   139     8 -9999 -9999
1902 12 17 13   -22 -9999  9908   160   201     8 -9999 -9999
1902 12 17 20   -33 -9999  9882   180   139     8 -9999 -9999
1902 12 18 06   -33 -9999  9902   180   139     8 -9999 -9999
1902 12 18 13   -28 -9999  9924   180   118     8 -9999 -9999
1902 12 18 20   -22 -9999  9934   180    98     8 -9999 -9999
1902 12 19 06   -11 -9999 10008   200   118     8 -9999 -9999
1902 12 19 13   -17 -9999 10008   200   118     8 -9999 -9999
1902 12 19 20   -33 -9999 10016   230   201     8 -9999 -9999
1902 12 20 06   -33 -9999 10002   200   159     8 -9999 -9999
1902 12 20 13   -28 -9999 10019   200   139     8 -9999 -9999
1902 12 20 20   -28 -9999 10028   200   118     8 -9999 -9999
1902 12 21 06   -44 -9999 10072   200   118     8 -9999 -9999
1902 12 21 13   -50 -9999 10079   200   118     8 -9999 -9999
1902 12 21 20   -22 -9999 10120   360    82     8 -9999 -9999
1902 12 22 06   -28 -9999 10215   340    62     0 -9999 -9999
1902 12 22 13   -28 -9999 10187   320    41     0 -9999 -9999
1902 12 22 20   -22 -9999 10168   230   278     8 -9999 -9999
1902 12 23 06     0 -9999 10062   230   139     8 -9999 -9999
1902 12 23 13    11 -9999 10039   230   139     6 -9999 -9999
1902 12 23 20     0 -9999  9926   230   278     7 -9999 -9999
1902 12 24 06    11 -9999  9919   250   159     4 -9999 -9999
1902 12 24 13    11 -9999  9887   250   159     4 -9999 -9999
1902 12 24 20     0 -9999  9843   230   201     4 -9999 -9999
1902 12 25 06     6 -9999  9658   230   139     8 -9999 -9999
1902 12 25 13     0 -9999  9600   320   118     8 -9999 -9999
1902 12 25 20   -11 -9999  9628   250   201     8 -9999 -9999
1902 12 26 06   -28 -9999  9640   320   139     0 -9999 -9999
1902 12 26 13   -28 -9999  9634   290   139     0 -9999 -9999
1902 12 26 20   -39 -9999  9618   270   118     4 -9999 -9999
1902 12 27 06   -67 -9999  9680   360   139     6 -9999 -9999
1902 12 27 13   -72 -9999  9759    20   118     4 -9999 -9999
1902 12 27 20   -22 -9999  9860    50   118     8 -9999 -9999
1902 12 28 13   -61 -9999  9884     0     0     4 -9999 -9999
1902 12 28 20  -117 -9999  9867    90    21     8 -9999 -9999
1902 12 29 06  -111 -9999  9876    70    41     4 -9999 -9999
1902 12 29 13  -111 -9999  9884    50    21     0 -9999 -9999
1902 12 29 20  -128 -9999  9887    50    62     0 -9999 -9999
1902 12 30 13  -100 -9999  9919    50    41     8 -9999 -9999
1902 12 30 20   -78 -9999  9950    50    62     8 -9999 -9999
1902 12 31 13   -83 -9999 10052     0     0     8 -9999 -9999
1902 12 31 20  -106 -9999 10075     0     0     0 -9999 -9999
